lon,lat
-73.96778922779745,40.79971577027931
-73.91630089387921,40.86936423556396
-73.9851896005797,40.76037375495605
-73.99138623705863,40.73344221604183
-73.9249627067572,40.866548277902126
-73.98905971652619,40.74471893893191
-73.96624900283527,40.80554070580327
-73.98533448520767,40.76021434667312
-73.98239977407114,40.763341822849654
-73.98708713790258,40.75453054466937
-73.98242816466384,40.76915847946467
-73.95210198439261,40.823698403270036
-73.91824163077915,40.86821922375005
-73.98067696910405,40.78147455426855
-73.98852119043373,40.745309971138376
-73.98846450837921,40.7482941817166
-73.98801811824673,40.74757097616156
-73.96785050650502,40.79892343061459
-73.93466213306526,40.85148313416959
-73.98807691878979,40.746518113586454
-73.91752267923265,40.86873444113018
-73.988408445013,40.74605924292592
-73.92962851598651,40.863154233204654
-74.00387140703755,40.71751052915225
-73.95243156478836,40.823230356396174
-73.98779426880466,40.75217026384923
-73.98942276187195,40.73969176217028
-73.98500989000225,40.75784630001654
-73.98512265597431,40.757672884098696
-73.99140135003253,40.73084071903523
-73.98207541447707,40.780407142124254
-73.91303623181619,40.871485616866934
-73.98851155764932,40.74448952438702
-73.98616125962359,40.75494608338255
-73.98282338052094,40.764291400733946
-73.96177655413807,40.81022634324931
-73.9885976570935,40.747542183803056
-73.95322525507572,40.821957562124396
-73.98257251614274,40.764733510762504
-73.92590671372841,40.8662204761347
-73.90885900325549,40.87471405830891
-73.93287384352628,40.861892075571866
-73.9278662106108,40.865024380810986
-73.9246634518424,40.866291352202076
-73.90869674019714,40.874787475234584
-73.9081056514671,40.87526303531803
-73.90805570746355,40.87540196104675
-73.97009399266577,40.79742326942321
-74.0104878912088,40.70959504442399
-73.9909526405806,40.73326910463412
-73.98162160177255,40.76643494139891
-74.00069106237633,40.72057721137569
-73.98838768826606,40.74793602218651
-73.99552000984991,40.72714448660182
-73.99568291761193,40.72695211829645
-73.98209038229123,40.779289261248636
-73.99580171096187,40.72637069380587
-73.99133033243629,40.73297431250802
-73.9080103037101,40.87649661811436
-73.99398075391711,40.728502217704666
-73.99806938273272,40.723681798871766
-73.93764632993906,40.84798977890984
-73.92785288119092,40.865030528782164
-73.93290708647463,40.8567705468795
-74.00023554574886,40.72155981052977
-73.98855378795592,40.74542934904055
-73.99109473778252,40.7325785635737
-74.0025892089855,40.71834850343081
-73.99039169582787,40.737353053552525
-73.97841516331502,40.78551972520136
-73.93506850625573,40.851910397282175
-73.93932902754578,40.84352556911208
-73.99105530116914,40.73277997328804
-73.96832017704475,40.80029106942856
-73.99007494287332,40.73739980056391
-73.99482223610546,40.727521028065816
-73.98437371627722,40.76126636223986
-73.99091896784323,40.73339493415166
-73.96003996052184,40.81375153788773
-73.98934432379055,40.742643926277324
-73.98494513487061,40.76030200092667
-73.99451472965758,40.72790785642994
-73.95169318637618,40.824256321559325
-73.94921860643026,40.82856939127644
-73.98183824634584,40.7702860538827
-73.99152034516685,40.73212285940249
-73.98963377586188,40.74050110144132
-73.9356506359718,40.85076572563482
-73.92450258875401,40.8663492550932
-73.99037103358262,40.73741911686916
-74.00905794524103,40.71115306455295
-73.97964554140235,40.784727933668044
-73.97946705482269,40.78497412055104
-73.99379198602215,40.72873169065311
-73.99981793049963,40.72160991721233
-73.99374365792342,40.728789010615124
-73.94690055288405,40.8308313317163
-73.9468419637276,40.830911756127364
-73.95383672959974,40.82223771578497
-74.00384877138482,40.71730058860081
-73.99139255942735,40.732693903766105
-73.96377302146375,40.80903966016614
-74.00284139466291,40.718484951610066
-73.91492662439897,40.87078404798308
-73.99108902858336,40.732646150531664
-74.00369113825961,40.717031924562676
-73.95923139626578,40.81485566960369
-73.99470780458816,40.727654798405425
-73.97850491747022,40.78539664444204
-73.96798100926375,40.80285335408672
-74.00504727573384,40.71589119177548
-74.00291050666881,40.71841260023626
-73.99345498874123,40.72913622761928
-74.00713319863078,40.71344386843008
-74.00099326948944,40.72023467751922
-74.00702395127702,40.71358329308319
-74.0039855714263,40.717153609277894
-74.00024198514586,40.721106253393415
-74.00356898898016,40.71762553656233
-74.00200172346139,40.71902281801088
-73.9849921384281,40.75841819748483
-73.98910354506437,40.744100599888206
-73.9936943424043,40.728847498162764
-73.96779969446769,40.80008143388597
-73.94664339233194,40.83118434243567
-73.95916121442086,40.81495183513028
-74.00113170056436,40.720496822168
-73.95510348275823,40.81961114154744
-74.01302006060514,40.70591229683724
-74.01282435545639,40.70660507422366
-73.99005768938842,40.73746633352664
-73.96010307872233,40.813664827796785
-73.9977468208213,40.72451710296056
-73.98029161963292,40.782926688166576
-74.00391952905633,40.717231308494824
-73.99847472485432,40.72363753585196
-73.99115020584944,40.733771530265294
-73.97221750545192,40.79452142680837
-73.96711524729916,40.80405401946238
-73.9324434248849,40.85820861188664
-73.93787406890229,40.84742757195447
-73.97219714555894,40.79365328974537
-74.003635746257,40.71709704468885
-73.98413058964569,40.76095169638772
-73.99810824893443,40.72360242720009
-73.99302791890827,40.72964373256141
-74.0012522409392,40.720354252604544
-73.99749859460843,40.72437221521596
-73.97277667657947,40.793756318090665
-73.96631298417526,40.805158634667414
-73.96237765910833,40.80964907199716
-73.95952076132396,40.814459217036344
-73.96810035596702,40.79937652882729
-73.94687058390646,40.83087246667236
-73.98966768890455,40.74033023114763
-74.0021620739008,40.718841113673356
-73.92458556162207,40.866319391079784
-74.00447359679995,40.71657537017158
-73.98979895656194,40.739604981103874
-73.94896754494553,40.82892042717344
-73.94203082962655,40.83841033349772
-73.95983159534104,40.814033329275674
-73.9965313727907,40.725939456892355
-73.95987204705975,40.813977907669056
-73.99876674606588,40.723292886119694
-74.00318631511857,40.717649005067024
-73.9973414216674,40.72497816580469
-73.9632727253092,40.808423288361375
-73.95179936142934,40.824111436610416
-74.01315329124215,40.70565678474177
-73.98698119566255,40.75331389268316
-73.93880742823934,40.84571755117948
-73.95270505523774,40.82288133481443
-73.96948312955227,40.797365408039376
-73.93794287249658,40.8471985989147
-73.98111821771909,40.78066164236818
-73.99883396422004,40.72321355571065
-73.967483541093,40.80233422055562
-73.93893683772215,40.843466217592535
-73.93511553585186,40.85181131419749
-73.96803613676735,40.799499996797806
-73.94494751519034,40.833522518910776
-73.98247174127886,40.77519905409682
-73.93641066284273,40.849304415692494
-73.93872960522519,40.84436475019235
-73.95148837397883,40.825461179762534
-73.97771826454766,40.78643661284362
-74.00590521125146,40.714888419176816
-73.95457189785263,40.82124039017231
-73.97959938149754,40.78479159565201
-73.98246266490857,40.775389133996725
-73.99811575194032,40.724070837211315
-73.9525982276795,40.82303479039434
-73.94502162602213,40.8334187328015
-73.98230160974728,40.778212595439896
-74.00148413772503,40.72010987683561
-73.96782677266495,40.79999170089855
-73.9729051849545,40.79357893284876
-73.99009255860824,40.73733189692812
-73.99526447061507,40.7269962523216
-73.94258757538833,40.83765066643745
-73.98680953615654,40.753858121129944
-73.99605957297659,40.72604377329988
-74.00049373353404,40.72125682615698
-73.97664073960534,40.78855721622865
-73.98092183982294,40.78129336415758
-73.93576041975577,40.84987749942791
-73.97031388359282,40.79712626990354
-74.00531804407595,40.715582118594604
-73.91609663839995,40.86989164946751
-73.98179014945833,40.76548089328879
-73.92703205251235,40.86577967960577
-73.9868526496551,40.753720765784145
-73.98674586873757,40.75407008950761
-74.00407866304776,40.717029631780235
-73.98895534334264,40.74487317841081
-74.00304851438979,40.71779475665776
-73.9500260631324,40.826561174287875
-73.98453404555138,40.759025604215836
-73.93914428262916,40.844312246668764
-73.94267392793134,40.836640586133356
-73.92709221815772,40.86575816630115
-73.9379962573423,40.84814738353656
-73.9744888390091,40.791387667298736
-73.92764433007208,40.865142403941576
-73.92007353439054,40.86786533466119
-73.98329388141677,40.76295209833947
-73.97226224985818,40.793562655300185
-73.99008971577307,40.73721148104802
-73.96991185267522,40.79766035504528
-73.93221012703981,40.85711594992282
-74.00940791576697,40.710705841070066
-74.0141591807367,40.704896129090834
-73.98957396725146,40.73933652107998
-73.97697415492617,40.787363903940914
-73.98837490914289,40.746386394416675
-73.93836990882069,40.845771178767755
-73.98903623223858,40.74447376574112
-73.94517103742801,40.833207331402875
-73.97910200927075,40.784604637486034
-73.9818749582235,40.77563446971839
-73.99785789138957,40.72393072760122
-73.92698130272996,40.865797826264064
-74.0025351514758,40.718412146906935
-73.98929485660611,40.74296489114616
-74.00091994150623,40.72031999684494
-73.99022164134647,40.73801247423163
-73.98966754148958,40.74027100102587
-73.98188503758223,40.77170855320718
-73.96542270975286,40.8063784660074
-73.9363561484585,40.849351788249045
-73.98651532242847,40.754776680543195
-74.0013918917337,40.719748494696276
-73.93343172279627,40.85560214902137
-74.00041496946724,40.72091629261013
-73.95266950519947,40.8229309479441
-73.99621693488734,40.72586912800686
-73.95215585745984,40.82364364504761
-73.98877752187897,40.74423722476531
-74.00031332777179,40.72146852902943
-73.93245633711807,40.857498897420314
-73.98934442108519,40.7401033765594
-73.94724521812745,40.830373347185954
-73.91601588630938,40.86954903965393
-73.95376583067878,40.822335788578904
-73.93472024991046,40.85258484840243
-73.98049184358338,40.782522932836066
-73.94220940096223,40.837265470422494
-73.94411006796173,40.83556745573635
-73.93465792155244,40.851884526161165
-73.93013020065166,40.861016481097664
-73.99118895894142,40.732039543852
-73.9877666238828,40.75179689023194
-73.95173102941334,40.825129069423234
-73.9708988334354,40.79541056993837
-73.98190498863124,40.7726156343854
-73.94130491114375,40.83850177360745
-73.97595496278885,40.788552548163025
-74.00086672922934,40.72081021062937
-73.94904580848515,40.82881178824075
-73.94868973786538,40.8292951365004
-73.9155435351451,40.870316382983574
-73.98218423461367,40.76420812813627
-73.95460947954355,40.82029896449072
-73.9546265948968,40.820275612139575
-74.0020737522196,40.71893826829303
-73.9170557512886,40.86896822363836
-73.98227186475738,40.778537936594454
-73.98224958619248,40.77868145435142
-73.98228440316765,40.778457167993345
-73.98695729127444,40.75469224003455
-73.94404001487044,40.835664955518624
-73.93087989592989,40.85995209177386
-73.99081546350804,40.73378231956372
-73.95239973498897,40.8242167236771
-73.95906230247768,40.815087350955004
-73.95908977203985,40.81504971293544
-74.0051982853534,40.71575711562688
-73.98036883365938,40.782770759256266
-73.9789120529765,40.78571275816755
-73.92691933042312,40.86548076458394
-73.99399860479215,40.72893428599773
-73.96951444620593,40.79726297366537
-73.92072899618778,40.867693436313466
-73.93947646454626,40.842092968195736
-73.93945534441904,40.842356324989325
-73.9394628670265,40.84226251599646
-73.99836598891515,40.7233309624676
-73.99747967875989,40.72481880713909
-73.96088702738251,40.81259590830329
-73.96049399250592,40.81312763094099
-73.96033218449872,40.81335008510828
-73.96063667305951,40.812931776922426
-74.00377808087043,40.71692971410186
-73.9503335301749,40.82613088247224
-73.9693378371825,40.798470820249946
-74.00596147383108,40.714366747493024
-73.99666575916571,40.725760747599786
-73.98530048090706,40.759347763020465
-73.99691730689487,40.7250562945365
-73.93841584358074,40.84559154679119
-73.95884947689488,40.813902283011075
-73.96887092931632,40.798209575897346
-73.9848142434911,40.76055868578871
-73.93896629481291,40.84332877648791
-73.98186572118156,40.771080931494154
-74.00160407159981,40.719501800163904
-73.92437658784029,40.86639460951781
-73.98192247577782,40.779933701287085
-73.93359221589685,40.85339874207614
-73.98545359491055,40.75891502255605
-73.98996190416379,40.737856318293765
-74.00570275167034,40.715091168277475
-73.94306655714584,40.83609076958671
-74.0040392822012,40.71709041861735
-73.98472952009942,40.758748288836244
-73.94727402596484,40.8303337821363
-73.98353285301354,40.76186540659027
-73.94678441040011,40.83099076473755
-73.95505993247127,40.82057528330609
-73.96908062914542,40.797920827116535
-73.98281832314316,40.76378778654059
-73.99997957066711,40.72142604935609
-73.99614520434581,40.72595358285714
-73.93969001179266,40.84160521629797
-73.93990793281323,40.84130133544172
-73.93984479842766,40.84138856614868
-73.92025480915967,40.86780613298729
-73.97023808289157,40.79635142492117
-73.93847101423941,40.84680307991313
-73.9824047981383,40.776728291227315
-73.98378859502361,40.7614835119638
-73.98904641192037,40.744417324774936
-73.9984394424294,40.72324384925333
-74.0025736410578,40.718809514674774
-73.93813067616317,40.84784914803919
-73.94158411200311,40.83901789118912
-73.98239393473634,40.76936117439342
-73.98185550292912,40.776420213016166
-73.96664949688011,40.80377906734628
-74.0031080253433,40.71816898658908
-73.98854323472641,40.74712053731674
-73.96623304559395,40.80526886465344
-73.93642093325647,40.84929549117772
-73.94840564654149,40.82878028349112
-73.98755743507162,40.75274623192172
-73.98889489056299,40.74522237514664
-74.00300043179246,40.71828654805388
-73.94381158643212,40.83507402401588
-73.9867881711251,40.75392616975759
-73.99827898896542,40.72385762215458
-73.97005047715818,40.7965769255432
-73.94983433490353,40.82771832055942
-74.01287327037942,40.70654575612858
-74.00542500133346,40.71545212445482
-73.97429515736667,40.791659139515936
-73.93238006104352,40.85679166608967
-74.0014970354122,40.719630720690446
-73.94865760305235,40.82933866873892
-73.97790756928185,40.78707262634252
-73.98243415380003,40.77089761823444
-73.93855611062261,40.84653538623336
-73.98890732072566,40.745150223471676
-73.99800540169302,40.72418676785532
-73.99085770073302,40.73362794475198
-73.95930296690007,40.814757598094815
-73.99597503630318,40.72616578473553
-73.97001441132934,40.797520269462616
-74.00327214626365,40.71797644863184
-73.94261791442135,40.83671782681881
-73.9475994503143,40.830787670639424
-74.00117973424422,40.720440008492716
-73.93595923966303,40.84970040579631
-74.0084207712324,40.711884041398065
-73.94944245076212,40.82735479799146
-73.99097864967872,40.734590679382364
-74.01124716547345,40.70852388488795
-73.93859761222146,40.846398679096865
-74.01385017132839,40.70536755034529
-74.00329648692619,40.71749148567621
-73.94223902532214,40.83722471431303
-73.93273927080877,40.8569364428045
-73.95135788540944,40.82474372242737
-73.95146393879824,40.8246005071257
-73.93813786654934,40.84783319527733
-73.97414402920708,40.790990318645505
-73.94203024024914,40.83750154206095
-74.01267524517782,40.70634427114321
-73.98789605347858,40.75112424167026
-73.98807448923009,40.75011832240062
-73.92539180798289,40.86636695332272
-73.99504615427013,40.727259260631065
-74.01380735729126,40.705437500912325
-73.94907882151641,40.827848570951915
-73.93687214081025,40.849342676047556
-73.98906680004208,40.74432350850013
-73.9890784164623,40.744260421565215
-73.93802927025367,40.84807413686545
-74.00242115414119,40.71899196709343
-74.01234573148454,40.7071798411478
-73.94081762108257,40.839181197157316
-74.00120835207332,40.71999129554456
-73.94200735700667,40.83753302721734
-73.97025296173774,40.79721056446528
-73.92047809620225,40.86808027410426
-73.94862235817165,40.82848315298081
-73.95453636646279,40.820398723886704
-74.01297278222441,40.706427933029154
-73.98839316363176,40.747899949163944
-73.94855768881723,40.828573759541094
-73.92902976503945,40.86433535425993
-74.01026767145467,40.70926983784034
-73.93456777395507,40.852887154847046
-73.95837014768986,40.81455091797768
-73.97050948317036,40.796844526935175
-73.94249640010759,40.83688537811016
-73.96468922003383,40.8064785177503
-73.91536086659289,40.870024091006876
-73.99830195577172,40.723406906263996
-74.01250973249516,40.70695727794211
-73.94716909230391,40.83138521741123
-73.98630466113879,40.755463933543005
-74.00876438356583,40.71101493127775
-74.0128537518133,40.706107880482236
-73.97811232737735,40.78680327486062
-73.94452835725427,40.83499743663715
-73.9874373849881,40.75315310880333
-73.98747907013457,40.74983822408524
-74.00213566979525,40.719328050475646
-74.00358043208405,40.717162075828604
-74.00226511723557,40.718720524037806
-73.98045871131924,40.78259091803495
-73.99318813992508,40.72945098120423
-73.99035072649497,40.73748404119926
-73.99113227064649,40.73385228335322
-73.93181059969713,40.857875243065905
-73.93181936772814,40.857855322863095
-73.99297830986045,40.729702580965125
-73.99002536435381,40.73761802052572
-73.9565287873212,40.81854529475407
-73.97709649322346,40.787223096099936
-73.99627096698012,40.72568464805927
-73.99535077092487,40.72689562928438
-74.00936528676226,40.71032170409824
-73.95655871154945,40.81850405064615
-73.96843714798753,40.79881167204851
-74.00345446465619,40.71777884421416
-73.96637808282475,40.805068881366026
-73.9947661129737,40.727586636663126
-74.0026442551773,40.71828369073623
-73.93217125901153,40.85805512603702
-73.99364565690735,40.728905239057525
-73.97215126255087,40.793717184770315
-73.95944844851087,40.814558306302565
-74.00269899918861,40.718219229828215
-73.94716720760758,40.83047396628085
-73.99638991764252,40.72611964590041
-73.99312329368749,40.7295306049141
-73.99687852169781,40.725102029449715
-73.99863316939081,40.72345054133235
-73.96726591607735,40.80385174036524
-73.99852361591047,40.72357983073784
-73.99131845992454,40.73303478683922
-74.0027667706729,40.718583177928814
-73.96015924034087,40.81358767438136
-74.0017736461811,40.719747770925636
-74.00952093530188,40.710127531701886
-74.00249531927156,40.71890323023609
-74.0013249870058,40.720268217902394
-73.96399308270226,40.80742282944248
-73.9823016498316,40.7783387204666
-73.95172828495701,40.824208425507535
-73.97846058915006,40.78545743257751
-73.997973393414,40.723794784108875
-74.00171982256646,40.71980248515966
-73.93334312462324,40.85460248824879
-74.00063577348506,40.7206419001531
-73.94118490769291,40.8386642613338
-73.98911979956056,40.744010468116
-73.99986626996855,40.721551840439595
-74.00189181519853,40.719151833447775
-73.94094777650723,40.839960378290016
-74.00322055849723,40.71758260182965
-74.00103956763485,40.72016698087201
-74.00084456143584,40.720407705572676
-73.95966777251937,40.814257792406
-73.98993897324715,40.73795009136823
-74.00109879809715,40.720097020795805
-73.96147238916738,40.80926432132199
-73.99996612600812,40.721443484533914
-73.99629092954906,40.725782000798446
-73.9915259597395,40.7320526549769
-73.99583575102044,40.72675564381611
-74.00675928156996,40.71386485721966
-73.99004688430546,40.737533523579614
-73.99009645772786,40.737265719642515
-73.99792133977314,40.7238560488733
-73.99541455953256,40.72683238215709
-73.9889404915317,40.743359059871025
-74.00656918391388,40.71411914730929
-73.93656383012514,40.84915204256981
-74.00079405920981,40.72046646679191
-73.98892576129548,40.74344053518831
-74.01005134558964,40.70995156497463
-73.9348401752494,40.85235941409899
-73.9674486406238,40.802506597060024
-73.98450267591899,40.76029551780661
-73.92377915212187,40.86659363448633
-73.96322854456477,40.81003529084764
-73.99267679379076,40.73050994125345
-73.91352516842426,40.87135338741473
-73.95648459520567,40.81862602716938
-73.97210507442418,40.793781498012486
-73.98480364244969,40.7586731545627
-73.95937566058545,40.81465802105835
-73.99857285039947,40.7235217270607
-74.00313618278943,40.71770829654253
-73.99546094404553,40.72675932847185
-73.95176441350186,40.82415912736291
-73.99578517895466,40.72681527459409
-73.94304063216966,40.83702879093447
-74.00009733685638,40.72130737469256
-73.95194458990647,40.8248265756004
-73.94916247913923,40.82864812565051
-74.00353319145188,40.71723482716926
-73.95355447079828,40.82262813346985
-73.94913989919381,40.827762636092615
-73.94658682616821,40.83126198775509
-74.00967579812792,40.70995182934581
-73.92040981813425,40.868097418740845
-73.95959411730313,40.81435870480093
-73.99732045656087,40.72456821828538
-73.94670823449381,40.83109533658537
-73.97031957914186,40.79622443739983
-73.96378494272331,40.80771246495781
-73.93797052170642,40.84820448266373
-73.99821359115941,40.723511705791964
-73.95585476149883,40.81858492102372
-73.99307583770627,40.72958689150527
-73.99723266545323,40.725110761285436
-73.95138331623035,40.82560481094644
-73.98244403151114,40.7712541954429
-74.00984661379174,40.71017305088156
-73.95220157042691,40.82358242485607
-73.98762618781491,40.752464609120274
-73.95196671472414,40.823902972807424
-73.95640557548894,40.8178290225994
-73.94448735350885,40.83415773826238
-73.99647329126947,40.726022219499605
-73.97372580933964,40.79154755637086
-73.98186777207314,40.77603704200625
-73.9348586109101,40.85231093385039
-73.98325291208863,40.76231649280994
-74.01247969183287,40.70658621387727
-73.98195124700628,40.76491066840497
-73.98706713224342,40.753040411933824
-73.99359962719072,40.728964655009825
-73.98837089472332,40.74804667620701
-73.93323575845866,40.85487149648222
-73.9321306713295,40.8572675255185
-73.99552080896338,40.726689517435645
-73.93221782735696,40.8571012609796
-73.93696337029557,40.84926208330111
-73.97486993147562,40.78998153402151
-73.98816442595853,40.74966375745792
-74.00096165310953,40.72069794431383
-73.9686789696619,40.79848228239922
-73.94873949449436,40.82922774778076
-73.99539465366726,40.727285926072085
-73.9800616529395,40.783299124325055
-73.98589345654521,40.756593241750906
-73.99128759381153,40.73313132349857
-73.95335153233398,40.82291383752332
-73.93913594564603,40.84434736628361
-74.00337203370773,40.71785986046516
-74.00105791296784,40.72058409243255
-73.93533205322424,40.85058013116843
-73.95503543701184,40.82060851778165
-73.94216963454274,40.83732018120147
-73.91711004367922,40.86931886071784
-74.01312801296365,40.704566124676916
-73.93367026849398,40.85487892013268
-73.94220723914714,40.83816886892843
-74.01101216810649,40.70835562081383
-73.95145037090039,40.825513132111766
-73.99117289005612,40.733669378374096
-73.98878641062463,40.74586585677018
-73.93877355545841,40.84413774279472
-73.95450804861234,40.82132896189245
-74.01329719207709,40.7060392594207
-73.98204219340043,40.779473346047645
-73.98352813132117,40.76256262236569
-73.98717445260768,40.7526134060957
-73.95234606687026,40.823393374772664
-73.93261067325592,40.85635813646616
-73.93645441244733,40.84971340906603
-73.99146922664039,40.73230690194102
-73.93691883153765,40.84930142781695
-73.93852503264998,40.84663776930446
-73.92474383195734,40.866262416804666
-74.00089020851233,40.72035459136164
-73.93346657132878,40.855503724876044
-74.00498256153821,40.71598098733382
-73.97990982159226,40.784375254294325
-74.01219764732463,40.707363550886775
-73.95971277849011,40.81419612596521
-73.92193103762312,40.86760250952088
-73.98294420334756,40.762789983655196
-73.97589880222735,40.78945600098502
-73.96910596312874,40.797885938471794
-73.98071783025232,40.78190145315436
-73.9935265991009,40.72905128362163
-73.99586848855313,40.72627644890628
-73.95026256288989,40.82712787799659
-73.99386396353627,40.7286463177602
-73.98919501099085,40.74358042458379
-73.97985692752428,40.78356949495635
-73.9785532074578,40.786210956486535
-73.90677103459095,40.8761166727623
-73.95362599039312,40.82252920819404
-73.9551615009994,40.82043747094995
-74.00489034326542,40.716070003351
-73.93910619090661,40.844452231272314
-74.00635469755042,40.71433956531795
-73.99112278476754,40.73246727686915
-73.9690849422488,40.79791488700267
-73.98477424084662,40.7606239318267
-74.00611437254999,40.71463906688735
-73.99521465835083,40.72705433543472
-73.93231736267091,40.856900894215656
-73.98689174667695,40.75490359946528
-73.98431125831961,40.76136252681259
-74.00016088626516,40.72164743218244
-73.99332485753807,40.729284979240106
-74.01040215574558,40.708704153769865
-73.98856244329278,40.74699448599795
-73.95666600813506,40.81695932074513
-74.00399909013463,40.716681233793764
-74.00554029951307,40.71486055095349
-73.94739245734866,40.831075450183384
-73.9879306015355,40.74887318596574
-73.94681306553002,40.83095143075205
-73.94260877883399,40.837622364288926
-73.94938528906229,40.82743328611051
-73.99765239883466,40.72461972474646
-73.93579366416853,40.85048984843682
-73.99090604530372,40.73350029221998
-73.98193108549289,40.766972693899426
-73.93805889502046,40.8480084078266
-73.96536794355681,40.80645309069163
-73.98818410328359,40.747355103511815
-73.95554206575605,40.8190074437106
-73.94811577303888,40.83007349080292
-73.93872849472213,40.84596103935169
-73.98985016055937,40.73939969632081
-73.98184415886531,40.776712526890414
-73.92334048448085,40.86676416392376
-73.9821196764392,40.76588184300439
-73.98660696243186,40.754500964055005
-74.00008353034883,40.72174825657176
-73.98908482990154,40.74420434142334
-73.96849740924735,40.79872956632877
-73.97825120841517,40.78661182136614
-73.98909390430212,40.74415403532465
-74.00194901077325,40.71908469511487
-74.01108398897576,40.708725132037124
-73.98727818408193,40.754093401466335
-73.9207385745713,40.86801487326582
-73.95140223681625,40.825578939453344
-73.99041165623552,40.73728922045218
-74.00861235232888,40.71164182340926
-73.92950350931689,40.86389204103908
-73.92891177220146,40.864438422399964
-74.00792939562703,40.712468402179404
-73.93947349913239,40.84213686773646
-73.94987784323149,40.82765733708097
-73.98087054482896,40.78298980035561
-73.93891666184773,40.845324011501845
-73.9844931544599,40.761082470695534
-73.9741889052964,40.790928105029835
-73.93798690935104,40.847052050361555
-73.98929003573828,40.74028194721976
-74.00283874362776,40.718054686962475
-73.9486965645416,40.828379183711334
-73.93909749877308,40.84449524675559
-74.01139054964058,40.70792422508437
-73.98226263584719,40.76523540258841
-74.01314104285765,40.70622485081923
-73.98882659313693,40.743963673919396
-74.0024786490762,40.71847867773483
-73.9501284012787,40.82732788171696
-73.9893768846279,40.73999679578206
-73.99560406519846,40.72659243425915
-74.00758305607113,40.71288133106955
-73.91673880119717,40.86950884155101
-73.99488188568317,40.72745129308135
-73.9674016659284,40.802643648876035
-73.98976957458743,40.73972275370998
-73.91816708223834,40.86847153254146
-73.98640041792783,40.75709632715953
-73.98161532815999,40.77831818948843
-73.9741367836591,40.791885884270805
-74.00998920842474,40.709588585881285
-73.94363306917452,40.835315894699185
-73.94318050611068,40.83593095958103
-73.92138003896295,40.86746865025004
-73.98422790342367,40.76199723022889
-74.00725329173646,40.713290601743566
-73.99150628540502,40.73218555299046
-74.00989742823765,40.71011260026135
-73.9161203211179,40.86987544443412
-73.94256397105633,40.83768217329004
-74.00527097476385,40.71563933136325
-73.99287199922178,40.729835919057315
-73.99870511539275,40.72336562873069
-73.9728420269099,40.79275343506643
-73.91465030229563,40.871081211332516
-74.00995520043307,40.71005729930001
-73.98179896742336,40.7700988384841
-73.98117040042561,40.78047336045576
-73.98966160229392,40.740373604174465
-73.98182433588666,40.76975169322278
-73.98190060526711,40.77247358191274
-74.00039358500776,40.72138389576686
-74.00044780925299,40.72132017207058
-73.99822812881153,40.7239522138341
-73.98463108267975,40.75890494897516
-73.95095603045552,40.82527104650268
-73.98243821572828,40.77104419235443
-73.94051714950947,40.84087998810297
-73.98048995197317,40.78360521303431
-73.98047709116196,40.78362475334926
-73.93931721006378,40.84360195251731
-73.98939962215901,40.7399221390921
-73.97808653369394,40.78594096380805
-73.93872000185048,40.8435559105336
-73.9566026126761,40.81844354950569
-73.9523072514656,40.82340992151058
-73.95666255315041,40.8183914383017
-73.98771290906363,40.75208850566811
-73.9126149838989,40.872063078865544
-73.9134726274181,40.87139045083289
-73.96627303190436,40.805213728731964
-73.96794221811028,40.80290788149791
-73.9908912284374,40.732289961951516
-73.97275314699667,40.79288749191437
-74.00433938279704,40.7167597798479
-73.96674512878509,40.80365927942877
-73.98239662541751,40.76948041452245
-73.95228620500937,40.823438952458474
-73.97835803521748,40.785577531127146
-73.99095499315875,40.7332961077452
-73.94709668836495,40.83057734586865
-73.99111733919159,40.73391951225611
-73.96737852755962,40.80271114610488
-73.9774396411986,40.786806788480895
-73.93876224332352,40.84417573835831
-73.94170924786081,40.83794373919846
-73.99588172944802,40.726717352898454
-73.9980224184601,40.72373707753589
-73.98895527596575,40.743277288537186
-73.97955385365928,40.784854393131255
-73.99478645590574,40.72800302534722
-73.99244466813316,40.73033528735186
-73.96520827544876,40.80667029732596
-74.01185008679388,40.707874589676265
-74.00884970860551,40.71090875568394
-73.98278718702481,40.76301629619184
-73.99546785794587,40.72719959931742
-73.98329420965565,40.762245166819596
-73.92967661070301,40.86367778797339
-73.93624615796705,40.84990003176316
-73.98897031521463,40.743194146022425
-73.99104302455297,40.73429360703409
-74.01309757350768,40.70579743832084
-74.01322982092233,40.70544654903205
-73.96286996769987,40.80988224825627
-73.96949671588834,40.79823465548853
-73.9926360254138,40.730559194478275
-73.97754640530009,40.78663853027568
-73.98207059535495,40.76614252532566
-73.94802632919915,40.82929949709613
-73.94593345700419,40.83307102831233
-73.9495638825797,40.827188063646496
-73.93758706915176,40.848126203835115
-73.98250976064406,40.77361667342646
-73.99289419041877,40.73024729717512
-73.94436310335473,40.83521582462894
-73.99284189298756,40.73031047926159
-73.93249032823132,40.857431791743544
-73.92609003470919,40.865776570389265
-73.97811924856512,40.785902028788314
-73.99070002364435,40.73431563453742
-73.97232723652637,40.79436866505086
-73.95037234751236,40.82608289178743
-73.98982678934544,40.73949339191678
-73.96154592331945,40.81078741406438
-73.94910327598662,40.82873117271899
-74.00977977249154,40.70983899814256
-73.98703730055531,40.75628225046835
-73.91481856486409,40.87044041361802
-73.97237218899926,40.79340960086118
-74.0007401793677,40.72051974016771
-73.97953052358666,40.78488657812683
-73.9475052021014,40.83001882848068
-73.99995319262668,40.72146021224477
-73.98898478607018,40.74311413853698
-74.00219424530243,40.71879682701262
-73.96351421023446,40.80807889469379
-73.9579730231898,40.81675111957521
-73.9815647534343,40.76679544025343
-73.98277418233847,40.76386397988301
-73.98153076626531,40.76653717501408
-73.9864405710322,40.756299694267106
-73.98043666337475,40.783674114347725
-73.98103132620295,40.782684575079585
-73.98114746652946,40.78238682730141
-73.97337148522651,40.79292528365893
-73.98293511981112,40.76357799797242
-73.98315923574546,40.7631947869144
-73.97312992696345,40.7932699245832
-73.96959288952367,40.79721633785701
-73.96254241437146,40.80941872822776
-73.98612919971903,40.755886734020585
-73.98826517310536,40.746962332112616
-73.98969214198713,40.740155983835244
-73.98967567897127,40.74021557198158
-73.98647548073725,40.756195769289576
-74.00916026344268,40.71054695966266
-73.94050594671918,40.83959228392892
-73.98288322305348,40.76367103693672
-73.97334789465782,40.79296924213552
-73.97308286871647,40.79333483357002
-73.94045822206408,40.83965774518672
-73.96280544789879,40.80904713726782
-73.93331940919107,40.85583480639359
-73.98970736192794,40.74004752244549
-73.9883620839246,40.74643434833125
-73.98172217904539,40.7658728453099
-73.99018296872373,40.73816099280028
-73.96381429383929,40.808573923703
-73.97325878099713,40.79309218051101
-73.96837704475848,40.79889352799949
-73.94675487823203,40.83103130364609
-73.93949285079327,40.841899302959035
-73.91528576453554,40.87051691681347
-73.99420739556342,40.72823166111905
-73.9746677589718,40.79118225149793
-73.90743771019203,40.87578232888273
-74.01012249462032,40.70943197515804
-73.95452319583424,40.821307949768325
-73.93479914980144,40.85159448813494
-73.97942960069672,40.78412879085636
-73.97937145593538,40.78420882838666
-73.97932024069738,40.784279327069655
-73.99340571389604,40.72919467768444
-73.9678691374727,40.799851336941224
-73.9393245884053,40.84356292505857
-74.00677018882935,40.71384976424429
-73.94955447575218,40.82811905970205
-73.96817145395516,40.80259216986321
-73.96606976900429,40.804583872298934
-73.96809451808777,40.80269767278809
-73.9661490297878,40.80447012402829
-73.96568457126821,40.80510647678968
-73.96559647195608,40.8052277953821
-73.96629407677152,40.804269710955836
-73.96820022313025,40.80256755584841
-73.96562243006431,40.805192050337006
-73.96617673622478,40.80443184203799
-73.9658903568794,40.80482309625801
-73.91245954798698,40.87288676729095
-73.96558111159636,40.805262965625516
-73.96822936781008,40.802512743577644
-73.96576007241669,40.80500250659675
-73.96190006021112,40.811238346758074
-73.9657169496708,40.80506188966879
-73.97511439910947,40.79054653900034
-73.9713553231807,40.79568529120854
-73.98171755511939,40.78060232112122
-73.97400593402968,40.79206963417762
-73.97263080322026,40.79395693159781
-73.97168317586883,40.7952557654979
-73.97139189145048,40.79564370501514
-73.97187857134503,40.79498898826531
-73.97690546363232,40.78823218853542
-73.97178409680018,40.79511713150128
-73.97890336222298,40.78486347838558
-73.97190841235128,40.79494635959699
-73.97171479372864,40.79521233185787
-73.97147174326099,40.79553575965808
-73.97518495667187,40.79045283263405
-73.97356356551357,40.79268023288502
-73.95409767354768,40.82188524738843
-73.96822460867388,40.80090252266945
-73.954143979285,40.821831836627624
-73.95406348874468,40.82193078613608
-73.97648155045539,40.7879343179647
-73.96819646345806,40.801081697280104
-73.9676966218403,40.800551510910495
-73.96816982626058,40.80117965576161
-73.96762664175577,40.80102875762006
-73.96764627700944,40.800894879136386
-73.9676881730153,40.80060912418597
-73.96767478773764,40.80070043151808
-73.96769969188426,40.80053057669474
-73.97672528044517,40.787649776698956
-73.97661644452225,40.78777790120166
-73.96822632369111,40.800859811850316
-73.96763874558643,40.800946228741914
-74.00067117081129,40.72106101041514
-73.97706614845895,40.78805554557793
-73.97142995494224,40.79559225011737
-73.9713034820556,40.7957633235019
-73.97174296832748,40.79517362927523
-73.97193624622284,40.79489860467015
-74.00063081529159,40.72110843730641
-73.98192930602515,40.77394919555926
-73.97450959894623,40.79050658359892
-73.97473610323802,40.79019408591449
-73.97515246531822,40.790495319044496
-73.97547254876744,40.79008829842955
-73.97535233759328,40.79022145758745
-73.97766498236015,40.78736202690893
-73.97761065865123,40.787425946822864
-73.97789207004378,40.78621210072811
-73.97882574178466,40.78495521571298
-73.99243683415315,40.730799670298566
-73.9771932544218,40.78790063934512
-73.96765547152397,40.80083218839829
-73.9643953676175,40.80778512893848
-73.98192344182281,40.7742474054648
-73.95699594927501,40.81680830191719
-73.97188958512798,40.7940602910338
-73.97794606316289,40.786137001481954
-73.98166997482033,40.78081726684054
-73.9742426134679,40.791737253769284
-73.97956066568943,40.78398102171667
-73.97168815653929,40.7943395228276
-73.97457410100641,40.790431531023614
-73.974963585283,40.79076749622438
-73.97559073622233,40.789881256456084
-73.97775638914605,40.78725447315309
-73.96450656208891,40.80763575369083
-73.9542469545572,40.82168638220112
-73.99248590158928,40.73073744510123
-73.96427148946331,40.80795669179918
-73.95399294532086,40.822039047539064
-73.96911339459119,40.79877044660043
-73.97550153947262,40.79004822538655
-73.98161502935625,40.78098244778946
-73.96867065847769,40.79946671008655
-73.98532217905255,40.75924453265421
-73.94076111901667,40.84023182269024
-74.01000353920146,40.709999207794134
-73.9726036611892,40.793085769763685
-73.99368934103164,40.729317811717884
-73.9509793953492,40.82614591100991
-73.980557275914,40.783508589469236
-73.971188747164,40.795041238979294
-73.99103010368324,40.732879956677294
-73.93442752175473,40.853150565069576
-73.96704118698517,40.803262179001344
-73.96126048449469,40.811186942980804
-73.94757510487759,40.82992400514715
-73.93833174693562,40.84595991509348
-73.91540197087377,40.87042667035765
-73.97411883867916,40.791025241803744
-73.96897486182395,40.79806645590326
-73.95639182976045,40.81755915438756
-73.92773529782518,40.865093902883864
-73.93871724166445,40.84599895820468
-73.93941321813148,40.84292641499594
-73.91619575269965,40.869831320092416
-73.98181596680278,40.777126760761405
-73.9937766299695,40.729215102229944
-73.96838795443011,40.80009547798694
-73.92683618540961,40.86584971606846
-73.95125325894426,40.824885012373464
-73.98062327271646,40.782156841860775
-73.99610870463009,40.7264458290712
-73.96721337227878,40.80302505206682
-73.97509289105469,40.78967320855893
-73.94995009796408,40.82755606210908
-73.97814956945614,40.78586752401203
-73.97078927416018,40.79646257046235
-73.96856397823551,40.79965526796611
-73.97355169050068,40.79180291990031
-73.94963570715562,40.82800819391801
-73.98127637139399,40.78200113402972
-73.9069826739542,40.87597475341133
-73.9661064040056,40.80544348858164
-73.97812030065724,40.7859070837263
-73.92475880409452,40.86659313510525
-73.96836897830865,40.80015184288161
-73.96828476502333,40.8004251115597
-73.99356914567444,40.729460801910676
-74.0000830579489,40.72132453162303
-73.96957172989589,40.79812800299957
-73.95357566991396,40.82259881035362
-73.97382607276168,40.79231223106189
-73.9707125008181,40.79656891641802
-73.96818647125833,40.79921097087961
-73.92895198973089,40.86440449258893
-73.92055171467044,40.868061788229824
-74.00182367137505,40.719688154556806
-73.9439472114026,40.835789638522705
-73.95183691519634,40.824064829476846
-73.94100052694579,40.83890915615759
-73.94377832335422,40.83511916203252
-73.94442026587754,40.83424636062183
-73.98032545334286,40.783826733884936
-73.93685608226178,40.84935686286565
-73.9551084183095,40.820509495798596
-73.94911179956026,40.82780217228517
-73.98894100773238,40.744954651070024
-73.97227763439508,40.793527514933366
-73.9266450580974,40.86558047113627
-73.98890430077489,40.74516774943891
-73.98782121258306,40.749367595312705
-73.92160625269881,40.86738422028816
-73.94472979368987,40.83381533374935
-73.98787386570841,40.74913961104915
-73.92202644871199,40.867240085093684
-73.9217639470888,40.86732743482943
-73.99074266058297,40.734126057304955
-73.95669908474684,40.82019873337683
-73.98189107319311,40.77514521408695
-73.95317541953432,40.82314537376113
-73.90730809513741,40.87685400377134
-73.98840330808905,40.747833079775226
-73.95105012123025,40.82605133513835
-73.9807742036845,40.78173801197453
-73.95185277974495,40.824043183597865
-73.94549659560712,40.83401444823949
-73.92020651800851,40.86821990532387
-73.93634952884975,40.84980811492932
-73.9363245138538,40.849832994445535
-73.93197263776757,40.85756904101953
-73.94186184343144,40.83864483170185
-73.94941625680885,40.82739076431962
-73.99030756344189,40.73767051673781
-73.96715794112505,40.80310138955411
-73.98152586110038,40.78128235078438
-73.93357656493433,40.85517215252572
-73.96524577642475,40.80661997919977
-73.9758680404941,40.78949983185179
-73.96524938339512,40.80570313426384
-73.94893446712845,40.828051676834846
-73.95165728267477,40.824305306839946
-73.98148857953689,40.78139213587649
-73.93340955282954,40.85565754306037
-73.96888363229083,40.79908808484639
-73.93615279722258,40.84998327967744
-73.93836617355484,40.84714118870683
-73.96519953665477,40.805771081819294
-73.96513891986064,40.80585371164596
-73.98159023766817,40.77835359800809
-73.94269159957403,40.83661621801514
-73.97444743728762,40.79144389260825
-73.97076351405344,40.795596252364106
-73.94910526224157,40.827811369656665
-73.95185627349629,40.8249461902318
-73.93768313671907,40.84790504294097
-73.9246816421828,40.866621986002905
-73.91618230411731,40.86945189783748
-73.93832470829082,40.847284567555946
-73.93359396775742,40.855117692329216
-73.95640374396584,40.81871760497545
-73.9883568048873,40.74646560449917
-73.98892083837814,40.74510162993917
-73.988925253978,40.74507729818525
-73.98897662990551,40.74475588796626
-73.98896376837786,40.74482675619295
-73.9262597997898,40.86605329454751
-73.9350299347703,40.851991649057446
-73.94981966885297,40.82774983400714
-73.9264472796685,40.86565236824727
-73.9898137947277,40.73954550754667
-73.98370034356435,40.76229550049644
-73.95080296240843,40.82549226364651
-73.97887713798332,40.785774449467965
-73.93903530662979,40.84266576561642
-73.92282692855161,40.86733228796615
-73.96943388503732,40.79743193270552
-73.99039564401531,40.73734015200336
-73.94290878674751,40.83630302191459
-73.9352777663771,40.85150618431715
-73.98559776191591,40.75841426807502
-73.93901298742394,40.84290264354593
-73.94202947614177,40.83750259406167
-73.94175086700133,40.83788901913286
-73.97502347567435,40.789767649222654
-73.93398908044148,40.85401623437582
-73.95282850479876,40.82272182674835
-73.94214514195502,40.8373538789042
-73.97979244300056,40.78453459199835
-73.9394675497398,40.842209904617555
-73.97864980808005,40.785188116705484
-73.98359570436843,40.762456009038125
-73.92231263033364,40.867129339197824
-73.92670094694095,40.86589807304181
-73.99135347687185,40.73287002078859
-73.94357813495964,40.8353912787222
-73.96673944057419,40.80457574214885
-73.93900766676488,40.8449055631876
-73.98250127553008,40.76449503962342
-74.00157731903195,40.7195340223056
-73.94782506675811,40.83046434685244
-73.98245390771775,40.76463330968203
-73.98247209637948,40.76458021549918
-73.96935910520914,40.79753295449873
-73.94058936503728,40.83947786093941
-73.98558577736748,40.757342971856744
-73.98542625689652,40.75771777462183
-73.94901051573012,40.827944676488315
-73.93846577289696,40.846818537533366
-73.95182651638069,40.82407901761653
-73.93210233614928,40.85732158871219
-73.92782803094337,40.865046674023304
-73.96931411478151,40.79759373212799
-73.98243794124758,40.776003139399016
-73.98136979647497,40.77979466922999
-73.94819013874051,40.82907680600875
-73.95448227810863,40.82047252715943
-73.94813086886143,40.82915739596982
-73.94823441570098,40.82901660132272
-73.94826856141016,40.82897017176776
-73.98009669956012,40.78325284097058
-73.95443203665671,40.8205410813795
-73.98366918714565,40.76168300327863
-73.96265056125544,40.81017917619196
-73.9825427997257,40.777863638433004
-73.973488669862,40.79188957735969
-73.93942453984994,40.842786892637015
-73.99440785679664,40.728001953672766
-73.99679490780561,40.7251904055203
-73.93342511328349,40.85436000866881
-73.93884067697516,40.84560554962653
-73.97123135667402,40.79587232724724
-73.94398104316191,40.834834132464714
-73.94551765124118,40.83413813491077
-73.98333837422058,40.76218798811293
-73.95145934638778,40.82550086156186
-73.93610954643214,40.85002184526999
-73.9914313162127,40.73151471457791
-73.98050032175786,40.7835867514942
-73.93948099267293,40.842044887077485
-73.93857793995342,40.84646347948
-73.94365029128475,40.836185258623686
-73.93940442142896,40.84303477809858
-73.96834904735174,40.800211046051466
-73.94407795791436,40.83561397780671
-73.93850421974766,40.846706345046066
-73.95104307849742,40.82606075253442
-73.97465168432687,40.79118325411937
-73.94868908038585,40.829296027603405
-73.94549744344161,40.83402307964089
-73.94938889405702,40.82742833618238
-73.94550327050317,40.83406860400857
-73.99630922073672,40.72620678819874
-73.98536771342401,40.759129790085666
-73.95283197016188,40.82271714284782
-73.95311185270728,40.82323102149858
-73.99968752013238,40.722231110675146
-73.9499015284897,40.82762413856586
-73.96528688328047,40.806563966810444
-73.94535426220266,40.83294949444965
-73.97402677149964,40.791130475593285
-73.96842372191655,40.79998923498807
-73.9322862584984,40.856963674248014
-73.9398346462546,40.841403001231896
-73.98122277733177,40.78033547134554
-73.93884882566579,40.84557809967428
-73.9382108697063,40.84634800459598
-73.94549359676155,40.83394856116533
-73.92660555096795,40.86559483322763
-73.9419835771305,40.837565745396056
-73.95203659779773,40.824701958151955
-73.93225137295214,40.857037269364696
-73.98853460910982,40.74553626336719
-73.98851197511934,40.74562221294709
-73.98863568365232,40.744979861017185
-73.97117698593097,40.79594990938064
-73.98890525235896,40.74355395954922
-73.96868439381699,40.79942354249403
-73.93928645591815,40.84370326218764
-74.01182589003943,40.707391722335295
-73.96662691659932,40.804722622112145
-73.97860972773239,40.785243073631285
-73.93908637719237,40.844550288650034
-73.93810134069349,40.84791423496817
-73.97985142903482,40.78445452475483
-73.9478390066489,40.83044449854472
-73.99185271893366,40.731501113529625
-73.96864258631729,40.799503996168184
-73.92264588752624,40.86690641640955
-73.93582526324259,40.85042890221623
-73.9884745233042,40.74582084553193
-73.98850055903111,40.74568275829263
-73.98848886181781,40.74574479777465
-73.98869275458378,40.74467805506667
-73.95239785890092,40.82332214274963
-73.99915403945565,40.72240540449655
-73.99920269385863,40.72234717371885
-73.99921293104835,40.72276394447743
-73.99331104122822,40.729748980507956
-73.99910872361734,40.72288725194078
-73.99931659994019,40.72221084067943
-73.92683475380534,40.86585022794871
-73.98139265100077,40.779713335335124
-73.9383093889063,40.84733754656525
-73.99915797007824,40.7228289794762
-73.99947156604527,40.72202535570561
-73.99990367244528,40.721953188361496
-73.99909862287089,40.72245786189377
-73.9989514194307,40.72263145236214
-73.97636939023222,40.78887472089873
-73.93925454620019,40.843836454845885
-73.96860623560953,40.7995739493465
-73.98798640043391,40.7484482987756
-73.99924977156651,40.72229082473786
-73.94313555669244,40.83689312602844
-73.96840459397033,40.80004605266763
-73.96775687562341,40.80022327441721
-73.99951586245788,40.721972337535064
-73.99934954194472,40.72260228068494
-73.98240016188129,40.76963691800595
-73.9694133094549,40.79836635117422
-73.9886630295221,40.744819841487676
-73.99970091118662,40.722188950090725
-73.95264233157226,40.82387056157779
-73.99887601894142,40.722720364793375
-73.99960799420278,40.72187042616523
-73.99940536075701,40.72210460089869
-73.99977613818506,40.722111442166465
-73.99904072318934,40.722975785755914
-73.99901387005586,40.72255780782266
-73.99985193138912,40.72201419769833
-73.99957339191054,40.72233739346722
-73.99928036899882,40.72268414489625
-73.9987743492152,40.72284025309392
-73.94481989196382,40.83370124249346
-73.93941805978494,40.8428667492858
-73.93263648547376,40.856306497905955
-73.95179996760255,40.825022452197885
-73.93817023297271,40.84776138472981
-73.96874969407176,40.79929787971102
-74.00163811379477,40.71989955104698
-73.9927883011069,40.73036656833544
-73.98892812715805,40.7450614695788
-73.98004907019582,40.78331574048753
-73.94727574725782,40.83033141865649
-73.93567919774355,40.850982745093624
-73.94896441624418,40.82800953851608
-73.96575050519102,40.805926769547646
-73.94369637082461,40.83612185859773
-73.9885712216867,40.746936884500926
-73.98174458214376,40.76559630359758
-73.93916840838814,40.844210615758904
-73.97038846079035,40.796115650342124
-73.98252587879671,40.77420922753151
-73.95081940894038,40.82546915952988
-73.92890184988967,40.864446793110226
-73.96772323032843,40.803244321024835
-73.9935551477154,40.729477180705025
-73.97026940098516,40.79718781496915
-73.93831869398866,40.84730536540623
-73.93464062044379,40.85191894812235
-73.93341787045922,40.85438309138654
-73.99702763314087,40.72492619922645
-73.9702185200106,40.79637858169259
-73.94391340632468,40.835835055739395
-73.95219344480614,40.82449593786825
-73.95288910221075,40.82266688966442
-73.95144681322715,40.82462363400229
-73.93677684789711,40.84943061373983
-73.98892776538693,40.745031521551226
-73.9847012530666,40.76074162782706
-73.93836884971122,40.84713193613468
-73.95094267983951,40.825296011809996
-73.95239433765931,40.82332685844321
-73.99613895157155,40.72641005879268
-73.94170269484422,40.83886718713637
-73.9320297139833,40.85746313193503
-73.925923449958,40.86583723707016
-73.9512978547617,40.82482478851373
-73.94549570558787,40.83388957597777
-73.92676728986281,40.86553603589493
-73.98444375874092,40.761158519257734
-73.94347313736318,40.835535363195675
-73.93835695992932,40.84717304609636
-73.99761142961594,40.72467600734551
-73.93443116768319,40.85353029694299
-73.99120582721118,40.7335543932234
-73.98912459072805,40.74075479136782
-73.94856517151793,40.82946388093736
-73.98840842441668,40.74779935224899
-73.98067479578968,40.78334730886484
-73.98186067558419,40.775928926152524
-74.00277761171132,40.71811705601743
-73.97909863011908,40.78545831431044
-73.99724428980123,40.72465724754574
-73.974955119797,40.789868128181055
-73.99101734185632,40.73293058654884
-73.97048832679951,40.79597837200109
-73.92049668210814,40.86807560732435
-73.9887057857947,40.74460436524101
-73.99172916196937,40.73167541809459
-73.99318069520463,40.72990115802697
-73.99852847260563,40.72312097258482
-73.98476266180234,40.75964101520025
-73.98140606733494,40.767534735932145
-73.98186227327685,40.77588038037155
-73.98242949011718,40.77623152607508
-73.98273369299523,40.77759647922573
-73.98265441745366,40.77770742711344
-73.98259264890024,40.777793871469946
-73.98255278120976,40.77784966648212
-73.98250193724135,40.7779208227321
-73.98894923300394,40.74490690202686
-73.95262571616259,40.822996428254065
-73.95288844575639,40.82353804657454
-73.98179719686661,40.77746905614691
-73.98986334491521,40.73936680066639
-73.98901287961117,40.74106586809656
-73.98908296226975,40.74084645062998
-73.98852345540338,40.74557377087244
-73.98821765240655,40.74717280614258
-73.98875330741234,40.74876828982116
-73.98772309422777,40.75205774645751
-73.98675635178691,40.75533378868906
-73.98667287835461,40.755589765617785
-73.98550803712786,40.75754420463131
-73.9848316052091,40.7594760019314
-73.98478927082874,40.75957170723221
-73.9347002447103,40.85180032168624
-73.95101068605014,40.82610406806262
-73.98243431717668,40.77610111125558
-73.950899394831,40.82626041725662
-73.95182954771603,40.824982388417965
-73.94445355600742,40.83420238437281
-73.97820805976224,40.785788468546215
-73.95039813007814,40.82604743081318
-73.94935626098653,40.82747314410606
-74.00188446637075,40.71962758543254
-74.00420344925924,40.71643296139555
-73.93915842472111,40.84425267249963
-73.93829583672584,40.84738441056713
-73.97137045641934,40.794788720913914
-73.98435218562358,40.76060164023711
-73.98398465871034,40.76116848846675
-73.98230693612322,40.765088722860106
-73.98188811520045,40.765073190631135
-73.98148648597501,40.76720000258267
-73.98146380114017,40.76727649602138
-73.98144991991047,40.767387531652695
-73.98144276823439,40.76744446963199
-73.98179517869596,40.77751567463638
-73.98202744853786,40.77953752439554
-73.98242696616842,40.77054560330606
-73.98184484289052,40.770882332648554
-73.981894353867,40.772270990097326
-73.98250448903774,40.77435168982064
-73.98190585515384,40.77477109278627
-73.98244631823748,40.77577656867924
-73.98186744590156,40.77572311045238
-73.9818644873913,40.775813053406836
-73.98101404885374,40.78102982601849
-73.98099728170506,40.78107774639016
-73.9809828496916,40.781118994107786
-73.98096955292762,40.78115699872036
-73.96517785002914,40.80671099345214
-73.94276297519959,40.83740979821141
-73.9390004615596,40.845123727914114
-73.96960767237117,40.798078172149474
-73.97240495252596,40.79423752518018
-73.98612331569488,40.756014197617624
-73.98610012424227,40.75608971418374
-73.98605436440964,40.75623871880315
-73.94721563660063,40.8304139729713
-73.98094679304234,40.78120288919468
-73.98142630431416,40.78160704124729
-73.98139403923295,40.781692093171095
-73.98074375631839,40.78181715338971
-73.98123058004131,40.78215032428678
-73.98065303216015,40.782072934941034
-73.98117935132625,40.782295884031136
-73.98090120224963,40.782948050935296
-73.9808202106921,40.78311204306373
-73.97998082672002,40.78340850113618
-73.9791508721906,40.784529311572946
-73.97904886702126,40.78466922339389
-73.97896003359621,40.78477101983884
-73.97868022889637,40.78514390639763
-73.97916723793057,40.785378981928176
-73.95200482678204,40.82474498977105
-73.95451204218001,40.82043191426072
-73.9398712478968,40.84135506815698
-73.97912745500466,40.785433215042104
-73.97906439365134,40.785519181233866
-73.97809883804919,40.785930078850974
-73.97818652501864,40.78669987998349
-73.97610233440754,40.78917373957473
-73.97554375320993,40.78905116069118
-73.97593706230414,40.78941873279697
-73.97473563177164,40.791057781860076
-73.9739774509833,40.79119831078472
-73.97393878976781,40.79125148573283
-73.97377631559297,40.791472425508616
-73.99151980734344,40.73140321546295
-73.96661121706815,40.80474523239866
-73.99238305031672,40.730413238764456
-73.97491062119029,40.78992736576855
-73.99556510800247,40.727091233974065
-73.98077267337628,40.78318097732448
-73.94492226397297,40.833557880709336
-73.93900608521561,40.844912615096305
-73.973500646178,40.79187294269758
-73.92053684942076,40.86774472617177
-73.94221954120073,40.83725151976116
-73.95501673636001,40.820633890251855
-73.92977506545478,40.86280481248044
-74.00232943302369,40.71865494605167
-73.95492148219616,40.82076919241555
-73.93870726102797,40.84603257606141
-73.94998941613024,40.82661226432028
-73.970444315779,40.796038870402406
-73.98189847306294,40.774968088540135
-73.98871017178708,40.74457954330892
-73.9698402488334,40.797761803991705
-73.9697740654709,40.79785115884792
-73.96980596825435,40.79780808650446
-73.93868371192978,40.84611190205307
-73.98003431755626,40.78420584306639
-73.97531796944698,40.789363593161006
-73.93347432334053,40.85547813831456
-73.98179992360792,40.777406078575815
-73.99300572697382,40.7301125447931
-73.99202476177975,40.73082393635967
-73.9919665108666,40.73135138646894
-73.99158491758315,40.73130298894095
-73.99177879252639,40.731607661855215
-73.99107200187566,40.73271178006965
-73.99128977009592,40.73316690729738
-73.99086373789375,40.73357686690641
-73.98985897344906,40.73828541237037
-73.94945636243966,40.82824683310445
-73.93307150194524,40.855256632969116
-73.94979172639445,40.8268786935714
-73.93207558615414,40.85737594281449
-73.9150595212143,40.87068519462301
-73.93900240462679,40.84179460750504
-73.94320278419086,40.836803406571406
-73.93665020138093,40.84908023802559
-73.95280224647709,40.82366395167875
-73.97324358940733,40.792206175916014
-73.94853802266901,40.82950518494973
-73.96587926082435,40.80575240413457
-73.9447926497767,40.83463481470436
-73.93707925731155,40.84915940238881
-73.93268965218905,40.85703828829704
-73.97064426903535,40.795758018836935
-73.9707364834806,40.79563334323774
-73.97101957853809,40.79615584251009
-73.97098026464907,40.79620953106583
-73.97046201517539,40.796014540264814
-73.97093778330967,40.79626754346562
-73.97041420584341,40.79608025976868
-73.96976138184742,40.796976523177236
-73.96972881463115,40.79702045926547
-73.9695325377047,40.79819294456246
-73.96959010166904,40.79811326381405
-73.96860031826303,40.79960253685721
-73.96850820370877,40.799778369606926
-73.96778241733541,40.80013228608379
-73.96774166321053,40.800260405225494
-73.9676731322997,40.80066558789926
-73.96818595962796,40.801133922086905
-73.96817448516202,40.80128657456859
-73.96758159461136,40.80145862888355
-73.96757550896153,40.801545000450794
-73.96757084271049,40.801611223369775
-73.96792155362569,40.80295875034191
-73.9672677596155,40.80293935732704
-73.96779888401586,40.80314265883876
-73.96775470079191,40.8032020320071
-73.96766684039777,40.80332009928791
-73.9675985287587,40.803411896072674
-73.94157638547559,40.8381287708941
-73.97581658924985,40.78958636839715
-73.9824216602681,40.7703385957976
-73.94334021206585,40.83571321554904
-73.97320415093874,40.79226035591453
-73.92389202124197,40.8668982018321
-73.93885921979586,40.84199035838154
-73.96978211401695,40.7969485537939
-73.944936284492,40.83443782782782
-73.94103488966427,40.83887867953952
-73.9677721451804,40.80016643147682
-73.94178856475597,40.838752061241074
-73.94482626054936,40.83458872016418
-73.95030245486636,40.827089373022524
-73.93254033768972,40.85733306501783
-73.9240925521916,40.86682282728247
-73.9238245254161,40.86692357153919
-73.94498415157501,40.83437217961704
-73.92814849711931,40.86486487261666
-73.94826046049023,40.829883169250095
-73.99004672813504,40.7387087146333
-73.94476239582286,40.834676306782306
-73.93888556665429,40.841954339165035
-73.944560612179,40.834943868785814
-73.96098500237339,40.81155494256342
-73.95053497455534,40.82585705349181
-73.93611710171807,40.84954676136356
-73.95032628947382,40.82705703907358
-73.9609543273214,40.811598018151216
-73.97089544813433,40.79632535653145
-73.93924174666186,40.843899115188954
-73.93510279338642,40.850997911157734
-73.97124048515195,40.7949718508245
-73.97067103811347,40.79572128793025
-73.93826718467824,40.847456572763896
-73.93675549229658,40.848982877355944
-73.98998280640375,40.73889599218141
-73.93718252152996,40.84906703008098
-73.93669497154218,40.84903884006815
-73.93701129253954,40.84922019894865
-73.93598801307981,40.84966139147121
-73.93603227535944,40.85010283707755
-73.93517985798289,40.85084758475383
-73.93498959911807,40.85121871554541
-73.9347111186275,40.851780233906815
-73.93447106143962,40.85223129083878
-73.9526924241526,40.8238028837615
-73.9520099618375,40.82473803513116
-73.9668472020179,40.80442969715386
-73.96681325116577,40.8044757099467
-73.96616251746177,40.805368251962705
-73.96540591904454,40.80548975085358
-73.9653515989896,40.80556379771413
-73.96581453608592,40.805841276075824
-73.96565744855141,40.806056967516916
-73.965314260939,40.806527989075285
-73.96422656758861,40.807103122017914
-73.96478657070703,40.80724877083412
-73.94768792240626,40.829759446573945
-73.94730398195324,40.830268325758325
-73.94551013291778,40.83380763343347
-73.94499137224207,40.83347045999122
-73.94484313473683,40.83365909587537
-73.94473882146605,40.83380296492446
-73.94471318778024,40.83383807939459
-73.94500205042249,40.83434763182641
-73.97304563779866,40.79249973687179
-73.98395283086387,40.76120347063553
-73.95093991700408,40.82620110197269
-73.98735379734785,40.751849156163566
-73.98750605892955,40.751063752934094
-73.98923746396427,40.74332344310685
-73.98921671719089,40.743478176463285
-73.94496083389997,40.83440415919574
-73.944857848155,40.83454539951284
-73.94410604990128,40.83466188890216
-73.94407531878956,40.83470451855863
-73.94446210760935,40.83507950018071
-73.94395056132443,40.834877579557016
-73.944403373311,40.83516037554308
-73.94992821251572,40.82758673699515
-73.94379362024874,40.83509528392954
-73.94342293981673,40.835600526485436
-73.94314780512471,40.83596751728079
-73.94352273420654,40.836374672435454
-73.94338260120622,40.836568670751745
-73.94309437965966,40.83695548808586
-73.94244173660842,40.83694315947384
-73.94271142387134,40.83747981266051
-73.94265884192883,40.83755235953387
-73.94249733386025,40.83777518081431
-73.94179086902528,40.83781942748006
-73.94228341273738,40.838065137286705
-73.94167858324828,40.837972450348
-73.94180858350086,40.83872451350895
-73.94177608080449,40.83876923902927
-73.94108252074088,40.838813002048994
-73.94164786515537,40.83894179578735
-73.94149943430193,40.839146053228674
-73.93880403813436,40.84206579704493
-73.96430781866324,40.80699166690973
-73.96483119407941,40.80718098153057
-73.98976738984351,40.73862896100058
-73.9874120723113,40.75156999979414
-73.9508570642962,40.82541626407873
-73.93942992586588,40.84271443024326
-73.92322801760196,40.866804549308824
-73.9429837571675,40.836202675008565
-73.97913533108499,40.78455902103822
-73.93336357040681,40.855754642179534
-73.95276161672305,40.8237094012822
-73.94267066708272,40.83664508319842
-73.9346899895445,40.851820724926476
-73.93941065422882,40.84297310015604
-73.93901044672668,40.84300094778406
-73.93939400141953,40.84317720109342
-73.93927505527049,40.843755251344504
-73.9506029969485,40.82576312052546
-73.94268721607757,40.83751321259389
-73.92375353389534,40.866950254790126
-73.97332347096086,40.79209643536826
-73.93939785453837,40.84312998204455
-73.94820971482865,40.82995366421289
-73.95290979267462,40.823516958968575
-73.92856836899121,40.86463309979265
-73.94323501430111,40.836758191331185
-73.95036825739145,40.827000105976225
-73.9366090837775,40.84911825868826
-73.93304468782203,40.85542495708927
-73.9326610242714,40.85709480651278
-73.93255123910927,40.85731154347737
-73.9323979171942,40.85676428599237
-73.931998602857,40.857522263557954
-73.9319307099352,40.85765130573166
-73.92830905548217,40.86477815985649
-73.92823172983051,40.86482143861203
-73.92752231981173,40.86520630509209
-73.92691912011881,40.86582273174744
-73.95310044661167,40.823246588069765
-73.98437681005247,40.760551549664754
-73.93895443493943,40.843384111323935
-73.93257399479641,40.857266619496
-73.94968585838024,40.82793149998995
-73.95220835802428,40.82447973759163
-73.92152897570685,40.86775550224245
-73.93662906230108,40.849099784617835
-73.96543748480359,40.80544672087961
-73.9388311799563,40.842028691369194
-73.96490385608223,40.80710885365085
-73.98970138459929,40.738885498971456
-73.92676516932832,40.86587799849243
-73.9265145104868,40.86596798277211
-73.9256546762161,40.866278189875025
-73.92553053203261,40.86632258986447
-73.92367807585867,40.86698139014993
-73.92350564931054,40.86704300250491
-73.92271576636688,40.86687290167349
-73.92180042421973,40.867652174736655
-73.96572286672688,40.805966232160806
-73.97538787856826,40.789266855147545
-73.9694811224829,40.7982644535372
-73.94389827991185,40.8349501050587
-73.92397193144559,40.86686816553616
-73.97367926218766,40.79252429221065
-73.9652933278335,40.8056432306181
-73.9423272079957,40.83800498078256
-73.96749063664664,40.803556881659325
-73.95329043444026,40.823003707301744
-73.93713221105827,40.849112033999596
-73.96102842418918,40.81149512284266
-73.9537241715643,40.822405792315486
-73.93878261512404,40.84409920040981
-73.9505351625079,40.826773684225714
-73.96664179252329,40.80470119833022
-73.93948641578278,40.84197831532786
-73.95237258164244,40.824253682711706
-73.99146253126844,40.73145627727313
-73.9528298334256,40.823617236273876
-73.97551781933662,40.789089765875026
-73.92342410916595,40.86707213880218
-73.95503613133309,40.819699728636586
-73.9389425038047,40.841876498095246
-73.92148261296303,40.867773150410216
-73.95464868099242,40.821137487444915
-73.93260790964578,40.85718548450002
-73.9347268335264,40.851745220349144
-73.9647158381226,40.80734317163185
-73.97557875815396,40.789005521033076
-73.98996585906981,40.738959309977076
-73.93940116979037,40.843074830466115
-73.99001678454984,40.738814253152896
-73.96939148435233,40.79748921262982
-73.95077024813148,40.825538218652255
-73.97362604664272,40.7916980469841
-73.97606736236101,40.78921323223039
-73.99307477279847,40.73002912810419
-73.9818970851743,40.772359516559625
-73.9456991097744,40.83339801443705
-73.93899769325868,40.84495002706193
-73.96117547257222,40.81129254380779
-73.96114343165627,40.81133668528146
-73.95797087487163,40.81660749475748
-73.95544501229732,40.81913679568591
-73.9549483720754,40.819819501245014
-73.95521448684927,40.82037089376139
-73.95476569231491,40.82097695266402
-73.95472203016477,40.82103685544828
-73.95447704755985,40.82137296113431
-73.9544510383819,40.82140864425646
-73.95367778963126,40.82247351564178
-73.95338762565264,40.82287086556652
-73.95278438509708,40.822769829683686
-73.95293807197757,40.82347830776551
-73.95217345156139,40.82361443260408
-73.95231332829476,40.82433627144346
-73.95228443259793,40.82437576353961
-73.95132095331851,40.82479026097753
-73.95103816632404,40.82517828373316
-73.95153112169989,40.82576361822559
-73.95049621620507,40.82591057523603
-73.98856796256598,40.74695827073688
-74.00667804762972,40.71398236083163
-73.98249608507001,40.77456663565972
-73.99756273032321,40.72473316375291
-73.98017741238957,40.78314625050416
-73.95008219298967,40.82647942570902
-73.95045779156389,40.826878645255036
-73.94990650618702,40.826720920843435
-73.95042632176371,40.826921336144906
-73.94975686486987,40.82690567774972
-73.94996535728522,40.82755108321313
-73.94959383373234,40.828057794586265
-73.9488938495008,40.82810542017329
-73.94886012852665,40.82815160368014
-73.94891713739557,40.828996572357276
-73.96440882032867,40.80685312206673
-73.9899539938222,40.739133071476346
-73.93606874006586,40.849603363211365
-73.94860445353224,40.82941408785117
-73.94851476537684,40.82953707801853
-73.9480687994915,40.83013762902355
-73.9477746847951,40.82963929710401
-73.94846515688523,40.82960510564086
-73.94773647629938,40.82969220885283
-73.9483049890928,40.829821309185114
-73.93879613817549,40.84403086714726
-73.93839080603496,40.847056016632145
-74.01103900893987,40.70878871924195
-74.00958729820046,40.71006599301587
-74.00630334564758,40.71290328777621
-74.0066390764247,40.714031327523514
-74.00621284107338,40.71451678086611
-74.0042574693268,40.716367488062026
-74.00346320966695,40.717303067342705
-74.01318656199015,40.706177777364566
-74.00325589716235,40.71802485580733
-74.0027392615114,40.718162983917836
-74.01403286277088,40.705108980247
-74.01399090305374,40.7051959465113
-74.01392715133439,40.70528391519998
-73.9985966635216,40.72303956281556
-73.99708923983293,40.72484223374233
-73.9961576528603,40.726392030869576
-73.9957080898997,40.72692239464992
-73.99560955090828,40.727038753768625
-73.99461990260704,40.728201225295805
-73.9545903822985,40.82032502090625
-73.97470215207527,40.79111432595761
-73.92159327747956,40.867731025948146
-73.98177149984518,40.76554561692007
-73.95696056668132,40.817976212460486
-73.93880798942695,40.84571566030315
-73.96755494611597,40.80182952834185
-73.9390546026027,40.84172324620218
-73.98841120862332,40.74778099618547
-73.96893675882534,40.7990146410259
-73.96852433900146,40.79973155014679
-73.9489873396006,40.827977285526785
-73.92248508996235,40.86706775059338
-73.9151902924004,40.87058792665829
-73.96993807665868,40.79673618050058
-73.94347512561676,40.83644058148274
-73.97326575282781,40.79217572768497
-73.94474126005395,40.8347052940427
-73.94491626487964,40.83446528348044
-73.94343319540648,40.83649862905431
-73.96741124999515,40.80261569438057
-73.96706483374322,40.80322961358496
-73.93890965180852,40.84191780293894
-73.95107766277192,40.82601450608645
-73.94849550432714,40.82955825250022
-73.94470088373153,40.833864267371766
-73.9326358544947,40.8563077606633
-73.92080100542219,40.86799772994972
-73.94780020934529,40.829603950194915
-73.9667792418041,40.80452180111395
-73.94488239808388,40.83451173039573
-73.96756733214056,40.80166104074136
-73.96754297663101,40.803486547402144
-73.92357865218594,40.86701598770316
-73.94246098782759,40.83782532887236
-73.93881736382103,40.84398311288911
-73.94251741943715,40.83774746663703
-73.94248074504553,40.837798068359945
-73.94490449162963,40.83448143001103
-73.96122211686324,40.81122828469098
-73.96985219400358,40.7968564523634
-73.93304205237968,40.85636095392287
-73.94894142111404,40.828956133753415
-73.97372640204068,40.792456335207845
-73.9737012062206,40.79249097833142
-73.9731781560282,40.79229189181954
-73.97314484259203,40.79234183148804
-73.97319829624743,40.79317466047619
-73.97246143081622,40.79418667441262
-73.97237060984432,40.79431145511587
-73.9713103546547,40.79487579349753
-73.93443235965537,40.85231913120001
-73.93909010588324,40.84453183520927
-73.9882437057207,40.74707837513824
-73.9694659244372,40.79829352010712
-73.99103988354352,40.73284115662397
-73.92634579341532,40.86602337407256
-73.93323455819007,40.856006093136834
-73.98905163042747,40.740972954319474
-73.9544525146629,40.82051313938035
-73.94305421766799,40.83610814359487
-73.97843030108362,40.78637546105558
-73.95447974374544,40.82047598503329
-73.98247926898938,40.77501095276633
-73.98180657943543,40.77732129701695
-73.94219700043597,40.83728253137057
-73.98244411310705,40.77583629502626
-73.99148624307188,40.7322488834049
-74.00015387853485,40.72121209913947
-73.98213208835978,40.77914222131295
-73.91600386649719,40.86996007422876
-73.95494829205049,40.82073281293052
-73.97508192289328,40.79059309642084
-73.9799133016588,40.78349504467037
-73.92172426105304,40.86768116638922
-73.92166442145127,40.86770394459005
-73.91586191864397,40.87006880141778
-73.91542665528308,40.87041230677657
-74.00019396251963,40.721163943339974
-73.93819977920332,40.847695830001285
-73.96658280216707,40.80478615514579
-73.98142439222663,40.77960037541736
-73.98121022777896,40.782207933593476
-73.9819076627252,40.772702346532185
-73.95636696373634,40.819872150361014
-73.95787676659494,40.819761382674216
-73.95717107665928,40.82031920249659
-73.95634038660596,40.81980189199223
-73.9563634657419,40.81945639286063
-73.91610521109291,40.86949910053945
-73.98720739405928,40.75247358146586
-73.96285207462158,40.808652789807006
-73.9299684914092,40.86162887371727
-73.93000116526156,40.86146988659315
-74.00349326058152,40.71771451742298
-73.92983415123435,40.861825765990886
-73.94359974535831,40.835361624494865
-73.95158229600902,40.825343936400614
-73.96067518060988,40.81185733753776
-73.9389559972618,40.843376823698115
-73.96491606728613,40.80616523175631
-73.93343102719267,40.85434116268727
-73.95139208721517,40.82469753552017
-73.98954159678303,40.741107685989064
-73.99574612070862,40.7268774853506
-73.98078463678887,40.78315760786775
-73.98469844859757,40.75988521249859
-73.98893348821137,40.744998299640706
-73.95099674453967,40.825220065431225
-73.93355068108606,40.855253154085545
-73.98466936557317,40.759930772986955
-73.98473608873229,40.75968873611759
-73.94360997175353,40.83624073321197
-73.98870304545754,40.744619872373114
-73.9348518634662,40.85232431097364
-73.93635895084552,40.84979874417264
-73.99014600180203,40.73835079703535
-73.98541811364814,40.75900039278108
-73.94288963697373,40.836329987463145
-73.96667159905832,40.80465827069939
-73.93878469792126,40.84579411801391
-73.98608931348585,40.75755354750944
-73.94253061295596,40.83683820436158
-73.97376148657237,40.792401586298915
-73.93331851694126,40.85468691970513
-73.97988577286374,40.78353140039187
-73.95128658407005,40.824840009356464
-73.93947070234786,40.84217120025361
-73.96904327851787,40.79797226315163
-73.94774559940637,40.83057953339983
-73.93907803516747,40.84459157011126
-73.96926772468589,40.79765640122478
-73.93979972942435,40.84144872922167
-73.94724444469323,40.8303744085995
-73.98833374252843,40.74661222276032
-74.00183963715286,40.719669128785696
-73.94362108628066,40.83622544003019
-73.95222406122149,40.82445426651619
-73.97309266574659,40.792434797060146
-73.99621221746996,40.726321507807725
-73.98181169355814,40.77721531687992
-73.99033008223486,40.737550060784464
-73.93882293102465,40.84566532704827
-73.9334331121918,40.854334515055434
-73.94786292374049,40.830410444687466
-73.95191403973807,40.82486795256346
-73.94987240391282,40.8267753919097
-73.94242565370794,40.836982926133324
-73.96829626634313,40.80036381403467
-73.93841669531916,40.84558821788161
-73.91013446928407,40.87451969851334
-73.90956622512007,40.87496535944932
-73.90959977698935,40.87492591552433
-73.910302673333,40.874433804570735
-73.90964806595545,40.87488895811002
-73.90992357662677,40.87468509838797
-73.9093834792913,40.87509885522651
-73.90931676664499,40.87515117429966
-73.94425448163669,40.83446535751393
-73.90925393509073,40.875200451491594
-73.90858161871101,40.875727143527655
-73.9443130029775,40.83438805238517
-73.97855538252811,40.78531759182042
-74.00975664859654,40.71033589664761
-73.93218428169655,40.85716525325414
-73.91005017089454,40.874585812386385
-73.90982647093855,40.874761255811784
-73.90978660492395,40.8747925219333
-73.90975047509377,40.87482085780619
-73.90923672277196,40.875213950678464
-73.90929997855051,40.8751643406266
-73.98109499369536,40.782479872308976
-73.9490354329192,40.82790961834196
-73.97053341840976,40.79681211178895
-73.98194331197007,40.77984943946241
-73.90937107540441,40.87537823663354
-73.94400103347762,40.83571732718237
-73.9669618222447,40.80337147758145
-73.94338900394995,40.83565081005492
-73.93915773468036,40.84425557883854
-73.98988409556664,40.738174492010494
-73.9417255249774,40.83883582933852
-73.9099712095086,40.874641645801105
-73.90942624811551,40.875065313549115
-73.90895592511195,40.87543359527077
-73.90906194721275,40.875356559083144
-73.95328031008312,40.82209965590865
-73.90951012981455,40.875009353031146
-73.90969300381563,40.874854566512504
-73.91036584295861,40.874404560112055
-73.90985744138044,40.87472872027644
-73.91020988905547,40.87448185133171
-73.91026831215804,40.874455593347975
-73.94764254613308,40.82983252543752
-73.99713367378362,40.72478671182032
-73.92424358562346,40.866778855088256
-73.9489877050901,40.828892872016425
-74.01277512877579,40.70666810490015
-73.9192970700666,40.86806988239485
-73.91917004202048,40.86810281326803
-73.91896979833382,40.86815472539923
-73.91906150800297,40.868130950405614
-73.91940510302136,40.86836013919122
-73.91951116907015,40.86833266306591
-73.91936558024096,40.868370377387635
-73.91944431475694,40.868349981677675
-73.91964200560494,40.86830321308518
-73.98247823820408,40.77008849387227
-73.98872851204376,40.746525291352
-73.97748374005103,40.78757528318424
-73.98126785309564,40.78204482106879
-73.97726117351853,40.78703358569305
-73.98177923276177,40.777903592809245
-74.0045557264396,40.71648726238705
-73.98848210121372,40.74578065172754
-73.98820466035045,40.747243404194734
-73.98244074943027,40.77592713586864
-73.98231061914164,40.778274497293864
-73.98226013385856,40.77861348422096
-73.98169830735222,40.77820108702508
-73.98165149169392,40.77826715411405
-73.98170941614536,40.78068448012302
-73.98124678405355,40.78210445749012
-73.97989585184995,40.784404294538284
-73.97987494039509,40.78443259779751
-73.97935723925673,40.78513181337684
-73.9761240378629,40.78835306974115
-73.97603727934347,40.789264262677186
-73.97499185014222,40.78980365038022
-73.97447730475868,40.79141636463784
-73.97346854809463,40.79190150570709
-73.97267979703861,40.79297359045941
-73.96539681598409,40.80641573314946
-73.96484431463774,40.80625787450193
-73.95945324775572,40.81354045942054
-73.95474051779321,40.82101149115257
-73.95274486017311,40.82374238646843
-73.95186959514278,40.82505369756851
-73.95029497246163,40.82618847238944
-73.94937603307967,40.82835748405304
-73.94383166812362,40.83504250462524
-73.94397998120975,40.83574694992462
-73.94383746360666,40.83594359402947
-73.94310286837907,40.83604072567394
-73.94340631727158,40.836535838667075
-73.9419559608166,40.837607498209984
-73.94169015438862,40.83888360064281
-73.94382062219387,40.83505782684532
-73.96110212579748,40.81139359016367
-73.97000719420413,40.79664212621872
-73.9676195319219,40.80098289670809
-73.96710520270943,40.80316226072325
-73.9405492026825,40.839526134002526
-73.93850101777073,40.84527977549537
-73.93345717574353,40.855556933746044
-73.93044067270388,40.85971337694721
-73.92678260445096,40.86552923697453
-74.00995641682118,40.70961391629681
-73.99430110436296,40.72810058995488
-73.99138939395766,40.73274601817938
-73.99097775593418,40.73303108645818
-73.92112200126384,40.867900094787885
-73.92088327475261,40.8679789879624
-73.9974067217126,40.72491626417179
-73.99729159625223,40.725051381512415
-73.99718978537169,40.72517087099938
-73.9971133131756,40.72526062152828
-73.93758879122134,40.84873543709746
-73.93181392100765,40.85895219872351
-73.93129576940213,40.85879575582622
-73.93134896636526,40.85873858902738
-73.93176555164794,40.85881381084474
-73.9312538643409,40.85892508795232
-73.9322666171108,40.85854958890817
-73.93131351104309,40.858769537443806
-73.93192869611788,40.858508453378214
-73.9313688326087,40.85869714973358
-73.93177373446817,40.859186183810245
-73.9315007027609,40.85846047788681
-73.95056767615338,40.826729575828345
-74.00727198866629,40.71283582585531
-73.95060124588005,40.82668403503994
-73.95028664922681,40.82711081449124
-74.00335148601977,40.717892682925495
-73.92575246248761,40.866242645316476
-73.9150091429328,40.8710686568261
-73.99228148456504,40.73101132845079
-73.99236423331534,40.73089957951733
-73.96789156746415,40.79979826076345
-73.95834378363435,40.81517138235326
-73.95881592925319,40.8154378386048
-73.9588495716701,40.815394403990744
-73.95882552302892,40.81542545242623
-73.9583601666409,40.81514921305996
-73.95877699347574,40.815497903310124
-73.95776089628177,40.815982355777415
-73.95786097714188,40.81583288538954
-73.98179327406844,40.7775596851076
-73.95818523022632,40.81630696387295
-73.9583384830672,40.81609730792577
-73.98178992611358,40.777637015822144
-73.93727021733218,40.848461517285536
-73.93703705106999,40.84870273118666
-73.93719116858826,40.84855291414437
-73.93707064989373,40.84866077683574
-73.93700543334313,40.848737191271795
-73.93793531076432,40.84829068323157
-73.96799673700855,40.79957278111391
-73.91565778715857,40.87023215443824
-74.00236882199927,40.71907513168019
-74.00714321365686,40.713431087680746
-74.00703301051631,40.71357173049041
